P0: 1422.994677 0.0 943.853027 0.0 0.0 1422.994677 608.537918 0.0 0.0 0.0 1.0 0.0
P1: 1422.994677 0.0 943.853027 0.0 0.0 1422.994677 608.537918 0.0 0.0 0.0 1.0 0.0
P2: 1422.994677 0.0 943.853027 0.0 0.0 1422.994677 608.537918 0.0 0.0 0.0 1.0 0.0
P3: 1422.994677 0.0 943.853027 0.0 0.0 1422.994677 608.537918 0.0 0.0 0.0 1.0 0.0
R0_rect: 1.0 0.0 0.0 0.0 1.0 0.0 0.0 0.0 1.0
Tr_velo_to_cam: -0.007980200000000000 -0.999854100000000000 0.015104900000000000 0.151000000000000000 0.118497000000000000 -0.015944500000000000 -0.992826400000000000 -0.461000000000000000 0.992922400000000000 -0.006133100000000000 0.118606900000000000 -0.915000000000000000
Tr_imu_to_velo: